0.923 0.422
0.289 0.918
0.105 0.399
0.274 0.410
0.013 0.100
0.420 0.273
0.248 0.232
0.709 0.014
0.482 0.970
0.401 0.862
0.472 0.156
0.747 0.061
0.572 0.374
0.178 0.638
0.553 0.204
0.180 0.298
0.920 0.694
0.143 0.182
0.025 0.027
0.810 0.587
0.510 0.888
0.729 0.507
0.844 0.164
0.893 0.313
0.639 0.855
0.834 0.488
0.309 0.132
0.959 0.329
0.661 0.096
0.991 0.615
0.777 0.955
0.457 0.548
0.046 0.250
0.367 0.762
0.234 0.823
0.098 0.988
0.396 0.806
0.600 0.723
0.964 0.658
0.208 0.566
0.800 0.793
0.139 0.743
0.655 0.466
0.066 0.661
0.616 0.052
0.867 0.347
0.535 0.927
0.321 0.707
0.349 0.455
0.697 0.528
