0.991 0.847 0.765 0.200 0.916
0.851 0.980 0.295 0.184 0.146
0.704 0.797 0.681 0.858 0.248
0.737 0.310 0.634 0.574 0.906
0.037 0.924 0.605 0.154 0.457
0.215 0.569 0.652 0.261 0.529
0.372 0.184 0.332 0.720 0.395
0.883 0.546 0.319 0.332 0.628
0.835 0.971 0.321 0.646 0.670
0.470 0.592 0.558 0.101 0.605
0.759 0.111 0.066 0.453 0.081
0.259 0.558 0.217 0.999 0.816
0.726 0.138 0.721 0.140 0.273
0.415 0.808 0.178 0.796 0.575
0.086 0.156 0.826 0.836 0.923
0.395 0.409 0.107 0.886 0.967
0.848 0.492 0.748 0.351 0.500
0.249 0.500 0.500 0.405 0.122
0.675 0.701 0.127 0.487 0.221
0.812 0.193 0.712 0.686 0.583
0.472 0.665 0.440 0.778 0.467
0.205 0.014 0.955 0.585 0.853
0.742 0.423 0.581 0.285 0.428
0.879 0.689 0.621 0.424 0.658
0.657 0.640 0.408 0.033 0.361
0.537 0.143 0.483 0.637 0.889
0.584 0.743 0.736 0.815 0.034
0.778 0.812 0.884 0.231 0.018
0.120 0.177 0.935 0.821 0.384
0.274 0.646 0.541 0.172 0.530
0.115 0.951 0.857 0.327 0.281
0.863 0.759 0.426 0.944 0.952
0.153 0.222 0.594 0.309 0.291
0.161 0.097 0.145 0.678 0.710
0.079 0.066 0.467 0.075 0.250
0.146 0.992 0.846 0.082 0.068
0.607 0.676 0.197 0.361 0.164
0.389 0.965 0.158 0.461 0.635
0.367 0.352 0.755 0.433 0.266
0.966 0.382 0.506 0.258 0.830
0.442 0.341 0.699 0.982 0.935
0.781 0.022 0.044 0.214 0.518
0.324 0.205 0.575 0.533 0.722
0.696 0.079 0.025 0.350 0.737
0.684 0.482 0.444 0.099 0.321
0.803 0.901 0.164 0.706 0.090
0.666 0.431 0.118 0.922 0.435
0.798 0.277 0.979 0.317 0.785
0.714 0.456 0.511 0.479 0.876
0.026 0.240 0.450 0.389 0.408
0.235 0.511 0.286 0.198 0.154
0.420 0.102 0.948 0.907 0.740
0.094 0.776 0.618 0.410 0.980
0.000 0.917 0.078 0.616 0.997
0.049 0.739 0.234 0.960 0.332
0.762 0.316 0.058 0.596 0.766
0.947 0.164 0.788 0.559 0.646
0.618 0.287 0.535 0.756 0.890
0.170 0.444 0.911 0.131 0.978
0.989 0.627 0.007 0.161 0.220
0.517 0.534 0.249 0.694 0.117
0.506 0.366 0.014 0.786 0.190
0.296 0.265 0.862 0.053 0.207
0.579 0.722 0.708 0.119 0.449
0.554 0.714 0.667 0.272 0.059
0.137 0.852 0.345 0.517 0.480
0.896 0.571 0.791 0.895 0.547
0.632 0.212 0.222 0.744 0.313
0.647 0.614 0.897 0.846 0.029
0.187 0.328 0.355 0.917 0.047
0.500 0.605 0.901 0.801 0.678
0.561 0.692 0.420 0.605 0.307
0.939 0.464 0.190 0.510 0.340
0.353 0.658 0.082 0.003 0.569
0.305 0.836 0.832 0.396 0.235
0.436 0.036 0.035 0.732 0.374
0.312 0.824 0.300 0.565 0.178
0.486 0.375 0.964 0.380 0.139
0.920 0.766 0.375 0.028 0.181
0.528 0.894 0.810 0.979 0.500
0.622 0.480 0.096 0.243 0.837
0.401 0.862 0.801 0.728 0.410
0.109 0.931 0.671 0.227 0.480
0.336 0.128 0.529 0.499 0.110
0.592 0.418 0.273 0.669 0.755
0.289 0.587 0.134 0.293 0.780
0.543 0.004 0.982 0.547 0.808
0.907 0.051 0.648 0.937 0.796
0.061 0.293 0.381 0.122 0.613
0.350 0.397 0.873 0.872 0.350
0.261 0.251 0.251 0.044 0.695
0.224 0.871 0.473 0.067 0.072
0.192 0.943 0.776 0.660 0.704
0.951 0.521 0.266 0.016 0.599
0.010 0.786 0.990 0.958 0.867
0.930 0.089 0.565 0.626 0.560
0.821 0.332 0.922 0.526 0.948
0.459 0.889 0.398 0.449 0.842
0.979 0.247 0.363 0.861 0.009
0.055 0.045 0.204 0.763 0.682
