0.559 0.787
0.601 0.325
0.607 0.162
0.229 0.547
0.414 0.170
0.233 0.582
0.125 0.751
0.386 0.179
0.742 0.026
0.939 0.802
0.434 0.562
0.813 0.997
0.366 0.190
0.290 0.404
0.032 0.532
0.443 0.835
0.489 0.093
0.296 0.329
0.781 0.441
0.584 0.931
0.898 0.960
0.345 0.434
0.714 0.436
0.774 0.975
0.778 0.428
0.565 0.944
0.232 0.160
0.752 0.581
0.184 0.365
0.757 0.853
0.540 0.496
0.162 0.371
0.783 0.155
0.021 0.392
0.822 0.295
0.188 0.965
0.027 0.797
0.134 0.912
0.321 0.285
0.724 0.727
0.449 0.099
0.367 0.760
0.666 0.666
0.081 0.969
0.520 0.561
0.999 0.894
0.754 0.044
0.976 0.071
0.874 0.762
0.431 0.459
0.049 0.496
0.482 0.206
0.875 0.479
0.730 0.864
0.395 0.187
0.343 0.448
0.135 0.644
0.204 0.684
0.384 0.270
0.498 0.364
0.629 0.047
0.179 0.914
0.800 0.232
0.202 0.023
0.785 0.672
0.986 0.304
0.664 0.204
0.223 0.008
0.144 0.208
0.021 0.552
0.812 0.440
0.712 0.639
0.094 0.236
0.590 0.457
0.493 0.400
0.464 0.352
0.495 0.889
0.659 0.966
0.391 0.274
0.105 0.941
0.611 0.493
0.480 0.269
0.807 0.498
0.013 0.557
0.733 0.060
0.480 0.338
0.727 0.477
0.068 0.167
0.950 0.192
0.858 0.799
0.811 0.183
0.335 0.778
0.950 0.315
0.931 0.738
0.523 0.632
0.205 0.082
0.886 0.567
0.331 0.487
0.359 0.820
0.217 0.732
0.983 0.481
0.734 0.243
0.545 0.067
0.899 0.202
0.696 0.887
0.401 0.081
0.180 0.539
0.319 0.388
0.030 0.003
0.119 0.769
0.704 0.435
0.010 0.260
0.245 0.855
0.138 0.208
0.491 0.394
0.282 0.658
0.531 0.322
0.447 0.950
0.730 0.341
0.552 0.375
0.646 0.473
0.971 0.472
0.685 0.480
0.205 0.915
0.047 0.886
0.678 0.210
0.186 0.563
0.637 0.537
0.462 0.323
0.538 0.982
0.085 0.961
0.219 0.723
0.729 0.365
0.267 0.139
0.505 0.827
0.441 0.668
0.692 0.453
0.549 0.964
0.596 0.542
0.871 0.366
0.809 0.058
0.156 0.199
0.210 0.747
0.962 0.891
0.097 0.977
0.943 0.211
0.760 0.559
0.733 0.253
0.958 0.661
0.679 0.526
0.673 0.012
0.835 0.147
0.766 0.515
0.115 0.210
0.817 0.665
0.142 0.216
0.469 0.222
0.096 0.447
0.997 0.693
0.298 0.444
0.345 0.207
0.966 0.292
0.006 0.452
0.893 0.544
0.648 0.688
0.284 0.604
0.607 0.299
0.029 0.407
0.977 0.470
0.019 0.513
0.249 0.333
0.381 0.756
0.801 0.787
0.341 0.623
0.880 0.659
0.873 0.239
0.574 0.334
0.273 0.075
0.314 0.525
0.588 0.902
0.540 0.612
0.247 0.225
0.973 0.175
0.790 0.007
0.803 0.882
0.861 0.422
0.556 0.198
0.865 0.025
0.654 0.193
0.077 0.722
0.010 0.500
0.524 0.318
0.016 0.184
0.656 0.291
0.529 0.450
0.260 0.810
0.245 0.918
0.194 0.831
0.626 0.797
0.442 0.432
0.779 0.676
0.365 0.877
0.804 0.973
0.108 0.531
0.393 0.236
0.848 0.588
0.829 0.623
0.151 0.070
0.843 0.618
0.792 0.288
0.819 0.381
0.498 0.033
0.306 0.826
0.579 0.369
0.952 0.877
0.692 0.079
0.901 0.439
0.202 0.348
0.117 0.023
0.264 0.290
0.472 0.175
0.500 0.335
0.297 0.390
0.261 0.802
0.564 0.420
0.934 0.406
0.006 0.932
0.532 0.830
0.041 0.174
0.301 0.784
0.631 0.430
0.868 0.882
0.427 0.264
0.484 0.097
0.972 0.859
0.510 0.871
0.405 0.049
0.148 0.329
0.236 0.053
0.528 0.713
0.078 0.172
0.856 0.442
0.139 0.372
0.221 0.095
0.424 0.504
0.927 0.686
0.323 0.598
0.037 0.889
0.178 0.276
0.081 0.340
0.025 0.708
0.434 0.400
0.595 0.893
0.329 0.854
0.853 0.655
0.964 0.136
0.825 0.253
0.494 0.325
0.459 0.112
0.368 0.506
0.833 0.976
0.500 0.455
0.638 0.086
0.348 0.157
0.682 0.113
0.907 0.674
0.796 0.949
0.581 0.130
0.476 0.135
0.717 0.580
0.015 0.718
0.776 0.214
0.226 0.620
0.349 0.892
0.184 0.663
0.925 0.362
0.675 0.224
0.892 0.866
0.603 0.153
0.644 0.345
0.145 0.307
0.819 0.744
0.174 0.649
0.469 0.695
0.952 0.938
0.551 0.422
0.435 0.294
0.457 0.956
0.092 0.720
0.537 0.980
0.275 0.397
0.208 0.763
0.403 0.661
0.574 0.416
0.279 0.969
0.311 0.110
0.814 0.760
0.239 0.511
0.668 0.842
0.307 0.115
0.656 0.850
0.567 0.544
0.833 0.412
0.604 0.246
0.033 0.252
0.363 0.813
0.706 0.338
0.757 0.856
0.263 0.445
0.917 0.197
0.890 0.904
0.592 0.943
0.214 0.506
0.825 0.828
0.749 0.157
0.553 0.488
0.978 0.346
0.685 0.519
0.535 0.163
0.352 0.447
0.025 0.223
0.600 0.926
0.419 0.999
0.126 0.570
0.829 0.879
0.292 0.200
0.404 0.958
0.084 0.334
0.051 0.819
0.380 0.784
0.243 0.438
0.661 0.450
0.457 0.127
0.486 0.867
0.012 0.814
0.062 0.177
0.916 0.688
0.799 0.559
0.061 0.288
0.701 0.121
0.593 0.642
0.326 0.180
0.086 0.494
0.666 0.928
0.252 0.926
0.304 0.234
0.921 0.772
0.320 0.693
0.465 0.269
0.312 0.991
0.113 0.711
0.164 0.036
0.923 0.631
0.862 0.133
0.199 0.901
0.755 0.518
0.536 0.409
0.316 0.008
0.089 0.848
0.788 0.022
0.813 0.935
0.343 0.700
0.707 0.220
0.101 0.060
0.954 0.256
0.176 0.061
0.327 0.742
0.396 0.748
0.102 0.065
0.137 0.090
0.034 0.018
0.000 0.241
0.091 0.283
0.923 0.513
0.991 0.343
0.553 0.684
0.770 0.054
0.309 0.980
0.746 0.821
0.428 0.189
0.367 0.075
0.855 0.245
0.437 0.789
0.468 0.504
0.503 0.359
0.703 0.597
0.643 0.639
0.099 0.744
0.978 0.479
0.382 0.141
0.341 0.083
0.985 0.463
0.051 0.586
0.163 0.546
0.569 0.872
0.122 0.110
0.287 0.845
0.765 0.092
0.688 0.627
0.986 0.266
0.699 0.147
0.646 0.415
0.670 0.299
0.142 0.214
0.987 0.557
0.197 0.823
0.378 0.993
0.292 0.379
0.337 0.323
0.969 0.271
0.610 0.668
0.167 0.700
0.900 0.648
0.686 0.646
0.731 0.310
0.039 0.851
0.790 0.387
0.412 0.339
0.231 0.927
0.073 0.230
0.759 0.246
0.599 0.861
0.744 0.327
0.867 0.240
0.400 0.289
0.425 0.604
0.842 0.522
0.278 0.511
0.577 0.853
0.832 0.390
0.385 0.255
0.797 0.954
0.840 0.732
0.584 0.670
0.433 0.895
0.294 0.542
0.621 0.649
0.844 0.484
0.330 0.636
0.346 0.813
0.711 0.010
0.201 0.978
0.892 0.393
0.822 0.884
0.207 0.038
0.280 0.250
0.942 0.565
0.628 0.921
0.678 0.462
0.956 0.894
0.763 0.411
0.008 0.703
0.450 0.057
0.917 0.561
0.392 0.951
0.563 0.065
0.242 0.398
0.625 0.989
0.668 0.600
0.936 0.320
0.276 0.190
0.336 0.565
0.039 0.771
0.690 0.303
0.783 0.301
0.287 0.369
0.838 0.127
0.560 0.122
0.863 0.986
0.060 0.625
0.439 0.078
0.507 0.219
0.572 0.050
0.974 0.953
0.865 0.987
0.300 0.237
0.926 0.779
0.698 0.818
0.598 0.426
0.970 0.680
0.590 0.551
0.166 0.453
0.577 0.555
0.945 0.168
0.169 0.713
0.487 0.423
0.962 0.807
0.506 0.104
0.932 0.138
0.683 0.721
0.376 0.858
0.382 0.359
0.981 0.376
0.726 0.155
0.283 0.883
0.687 0.120
0.912 0.165
0.982 0.606
0.110 0.532
0.058 0.203
0.850 0.424
0.556 0.984
0.265 0.652
0.421 0.418
0.890 0.040
0.056 0.920
0.919 0.528
0.633 0.698
0.889 0.691
0.252 0.344
0.236 0.031
0.477 0.020
0.147 0.570
0.913 0.582
0.263 0.378
0.655 0.577
0.437 0.277
0.954 0.664
0.960 0.873
0.357 0.458
0.160 0.363
0.112 0.821
0.802 0.062
0.230 0.602
0.911 0.032
0.271 0.710
0.274 0.770
0.633 0.841
0.067 0.601
0.636 0.722
0.064 0.793
0.644 0.725
0.079 0.038
0.934 0.845
0.208 0.987
0.801 0.591
0.581 0.991
0.057 0.491
0.417 0.752
0.628 0.160
0.993 0.629
0.123 0.947
0.170 0.280
0.017 0.356
0.269 0.617
0.548 0.107
0.007 0.875
0.956 0.029
0.363 0.015
0.652 0.518
0.518 0.274
0.776 0.101
0.781 0.756
0.816 0.313
0.515 0.353
0.324 0.547
0.766 0.409
0.528 0.445
0.168 0.908
0.122 0.575
0.983 0.736
0.157 0.923
0.518 0.151
0.289 0.666
0.859 0.125
0.587 0.100
0.641 0.321
0.107 0.499
0.350 0.836
0.120 0.434
0.349 0.158
0.885 0.790
0.823 0.646
0.914 0.122
0.586 0.934
0.216 0.595
0.523 0.221
0.721 0.473
0.037 0.917
0.371 0.807
0.526 0.501
0.882 0.350
0.130 0.310
0.898 0.635
0.720 0.138
0.242 0.641
0.558 0.578
0.747 0.148
0.773 0.548
0.192 0.850
0.784 0.380
0.690 0.181
0.827 0.839
0.247 0.385
0.761 0.265
0.879 0.396
0.567 0.477
0.090 0.811
0.225 0.086
0.831 0.536
0.002 0.650
0.998 0.357
0.880 0.971
0.078 0.089
0.334 0.418
0.212 0.485
0.737 0.517
0.027 0.946
0.677 0.781
0.049 0.298
0.658 0.344
0.455 0.403
0.065 0.984
0.398 0.959
0.432 0.844
0.422 0.002
0.154 0.538
0.136 0.540
0.376 0.673
0.426 0.096
0.635 0.313
0.354 0.154
0.133 0.616
0.029 0.185
0.991 0.143
0.229 0.227
0.258 0.308
0.738 0.671
0.948 0.273
0.774 0.355
0.104 0.728
0.430 0.734
0.337 0.652
0.305 0.924
0.908 0.286
0.227 0.729
0.836 0.262
0.484 0.566
0.175 0.498
0.361 0.573
0.241 0.420
0.047 0.598
0.316 0.897
0.460 0.005
0.621 0.217
0.250 0.575
0.845 0.295
0.223 0.414
0.532 0.103
0.517 0.026
0.118 0.117
0.413 0.680
0.858 0.431
0.558 0.795
0.172 0.611
0.777 0.925
0.525 0.982
0.386 0.468
0.521 0.046
0.373 0.118
0.724 0.709
0.751 0.613
0.071 0.698
0.013 0.589
0.870 0.376
0.606 0.123
0.608 0.817
0.502 0.182
0.907 0.028
0.285 0.717
0.183 0.954
0.157 0.591
0.375 0.368
0.615 0.742
0.697 0.113
0.905 0.958
0.359 0.525
0.326 0.466
0.044 0.643
0.148 0.689
0.719 0.739
0.128 0.080
0.486 0.824
0.083 0.233
0.412 0.782
0.539 0.044
0.410 0.773
0.516 0.305
0.295 0.493
0.129 0.788
0.768 0.621
0.555 0.360
0.652 0.930
0.575 0.330
0.847 0.973
0.920 0.878
0.281 0.705
0.753 0.217
0.543 0.869
0.682 0.759
0.020 0.766
0.990 0.054
0.481 0.016
0.808 0.871
0.138 0.681
0.884 0.799
0.369 0.193
0.300 0.073
0.145 0.282
0.212 0.509
0.280 0.586
0.726 0.482
0.711 0.897
0.807 0.677
0.958 0.019
0.542 0.835
0.421 0.628
0.389 0.005
0.086 0.606
0.331 0.464
0.093 0.568
0.820 0.660
0.192 0.172
0.895 0.011
0.320 0.305
0.149 0.489
0.394 0.971
0.105 0.308
0.979 0.510
0.770 0.594
0.925 0.642
0.739 0.938
0.615 0.067
0.902 0.521
0.060 0.778
0.884 0.637
0.313 0.574
0.676 0.262
0.256 0.795
0.851 0.827
0.869 0.432
0.670 0.594
0.878 0.382
0.650 0.017
0.664 0.537
0.929 0.775
0.764 0.200
0.121 0.384
0.311 0.492
0.198 0.906
0.353 0.503
0.597 0.484
0.216 0.257
0.339 0.862
0.052 0.682
0.111 0.528
0.721 0.995
0.659 0.315
0.379 0.776
0.298 0.801
0.071 0.412
0.622 0.222
0.042 0.392
0.449 0.584
0.467 0.282
0.939 0.946
0.742 0.524
0.512 0.533
0.310 0.228
0.856 0.746
0.254 0.861
0.583 0.401
0.681 0.179
0.055 0.998
0.630 0.349
0.220 0.131
0.446 0.040
0.747 0.992
0.588 0.119
0.470 0.848
0.109 0.371
0.074 0.415
0.973 0.033
0.076 0.874
0.214 0.937
0.650 0.101
0.220 0.781
0.504 0.809
0.876 0.833
0.904 0.837
0.356 0.620
0.473 0.042
0.005 0.696
0.817 0.228
0.066 0.476
0.965 0.585
0.787 0.880
0.479 0.194
0.620 0.762
0.758 0.701
0.185 0.103
0.839 0.615
0.741 0.737
0.744 0.070
0.768 0.764
0.749 0.716
0.671 0.750
0.454 0.515
0.613 0.258
0.024 0.188
0.888 0.995
0.001 0.105
0.705 0.847
0.067 0.714
0.789 0.726
0.909 0.130
0.571 0.885
0.371 0.386
0.036 0.428
0.964 0.706
0.339 0.655
0.159 0.353
0.941 0.633
0.373 0.167
0.463 0.013
0.710 0.471
0.438 0.069
0.254 0.165
0.445 0.441
0.267 0.944
0.324 0.259
0.960 0.753
0.034 0.085
0.881 0.020
0.260 0.615
0.303 0.455
0.069 0.405
0.128 0.356
0.250 0.654
0.387 0.910
0.708 0.750
0.502 0.056
0.641 0.804
0.618 0.609
0.795 0.095
0.850 0.806
0.088 0.088
0.943 0.000
0.895 0.141
0.618 0.773
0.796 0.549
0.542 0.045
0.613 0.087
0.496 0.679
0.408 0.921
0.564 0.935
0.170 0.034
0.152 0.041
0.304 0.657
0.593 0.674
0.623 0.202
0.660 0.050
0.510 0.337
0.235 0.631
0.472 0.638
0.494 0.899
0.949 0.212
0.572 0.373
0.672 0.467
0.402 0.013
0.872 0.259
0.444 0.383
0.718 0.725
0.409 0.036
0.929 0.248
0.269 0.792
0.318 0.332
0.754 0.572
0.996 0.955
0.416 0.297
0.569 0.052
0.152 0.107
0.841 0.816
0.197 0.758
0.045 0.708
0.114 0.250
0.453 0.267
0.648 0.133
0.637 0.529
0.041 0.328
0.356 0.941
0.110 0.081
0.519 0.124
0.869 0.989
0.509 0.161
0.447 0.975
0.176 0.966
0.132 0.865
0.420 0.550
0.792 0.785
0.896 0.279
0.399 0.913
0.188 0.280
0.237 0.063
0.547 0.402
0.415 0.397
0.609 0.613
0.835 0.554
0.043 0.824
0.992 0.831
0.716 0.791
0.055 0.719
0.514 0.534
0.735 0.909
0.793 0.900
0.180 0.741
0.189 0.832
0.946 0.108
0.548 0.231
0.332 0.301
0.603 0.239
0.998 0.242
0.159 0.740
0.257 0.766
0.921 0.151
0.391 0.232
0.353 0.915
0.407 0.839
0.194 0.863
0.545 0.676
0.211 0.627
0.827 0.841
0.854 0.128
0.714 0.489
0.195 0.940
0.466 0.466
0.099 0.593
0.389 0.554
0.944 0.607
0.074 0.146
0.003 0.906
0.141 0.768
0.512 0.176
0.616 0.626
0.702 0.857
0.842 0.963
0.190 0.805
0.739 0.734
0.696 0.149
0.562 0.601
0.723 0.073
0.014 0.967
0.476 0.932
0.408 0.508
0.092 0.457
0.054 0.590
0.639 0.748
0.625 0.609
0.402 0.998
0.256 0.910
0.227 0.143
0.277 0.520
0.578 0.316
0.492 0.687
0.103 0.460
0.534 0.426
0.694 0.277
0.097 0.115
0.805 0.028
0.913 0.076
0.694 0.319
0.453 0.170
0.703 0.463
0.172 0.248
0.271 0.777
0.771 0.730
0.181 0.287
0.238 0.055
0.023 0.811
0.475 0.917
0.906 0.474
0.663 0.388
0.362 0.002
0.847 0.696
0.290 0.350
0.451 0.196
0.424 0.312
0.936 0.868
0.490 0.904
0.124 0.898
0.989 0.266
0.597 0.706
0.930 0.578
0.861 0.702
0.458 0.093
0.968 0.145
0.994 0.692
0.937 0.952
0.164 0.754
0.154 0.135
