itm.itm_c itm.itm_b
-46.920   2.266
-21.560   3.754
-14.200   2.197
-20.960   2.230
-10.520   1.300
-26.800   1.819
-19.920   1.696
-38.360   1.042
-29.280   3.910
-26.040   3.586
-28.880   1.468
-39.880   1.183
-32.880   2.122
-17.120   2.914
-32.120   1.612
-17.200   1.894
-46.800   3.082
-15.720   1.546
-11.000   1.081
-42.400   2.761
-30.400   3.664
-39.160   2.521
-43.760   1.492
-45.720   1.939
-35.560   3.565
-43.360   2.464
-22.360   1.396
-48.360   1.987
-36.440   1.288
-49.640   2.845
-41.080   3.865
-28.280   2.644
-11.840   1.750
-24.680   3.286
-19.360   3.469
-13.920   3.964
-25.840   3.418
-34.000   3.169
-48.560   2.974
-18.320   2.698
-42.000   3.379
-15.560   3.229
-36.200   2.398
-12.640   2.983
-34.640   1.156
-44.680   2.041
-31.400   3.781
-22.840   3.121
-23.960   2.365
-37.880   2.584
