0.715 0.645 0.472 0.552
0.621 0.415 0.834 0.279
0.292 0.496 0.191 0.955
0.828 0.578 0.568 0.319
0.245 0.770 0.542 0.331
0.585 0.932 0.215 0.455
0.412 0.679 0.373 0.251
0.855 0.238 0.108 0.827
0.251 0.837 0.312 0.969
0.175 0.439 0.116 0.976
0.108 0.115 0.573 0.095
0.119 0.443 0.653 0.344
0.644 0.172 0.073 0.043
0.724 0.992 0.290 0.636
0.801 0.108 0.422 0.568
0.021 0.702 0.165 0.609
0.748 0.408 0.859 0.359
0.361 0.598 0.746 0.020
0.438 0.019 0.680 0.102
0.288 0.974 0.697 0.665
0.548 0.965 0.707 0.036
0.521 0.218 0.493 0.899
0.038 0.548 0.178 0.175
0.636 0.354 0.972 0.025
0.490 0.026 0.413 0.285
0.869 0.884 0.159 0.160
0.508 0.143 0.401 0.712
0.960 0.482 0.057 0.442
0.394 0.712 0.843 0.795
0.914 0.656 0.326 0.806
0.560 0.205 0.250 0.573
0.849 0.075 0.713 0.232
0.943 0.475 0.128 0.377
0.883 0.292 0.601 0.533
0.964 0.958 0.136 0.943
0.313 0.753 0.364 0.436
0.349 0.859 0.939 0.543
0.937 0.313 0.520 0.401
0.772 0.734 0.590 0.085
0.892 0.582 0.619 0.117
0.064 0.425 0.228 0.833
0.353 0.668 0.960 0.077
0.043 0.308 0.505 0.734
0.203 0.746 0.798 0.522
0.089 0.001 0.355 0.329
0.123 0.036 0.251 0.758
0.514 0.503 0.268 0.292
0.791 0.523 0.041 0.885
0.223 0.389 0.998 0.695
0.235 0.778 0.308 0.856
0.751 0.322 0.783 0.249
0.595 0.685 0.145 0.514
0.384 0.533 0.188 0.301
0.275 0.616 0.066 0.122
0.451 0.946 0.623 0.052
0.780 0.394 0.334 0.707
0.735 0.629 0.350 0.363
0.982 0.553 0.025 0.908
0.196 0.282 0.645 0.204
0.679 0.814 0.015 0.496
0.162 0.084 0.297 0.468
0.905 0.870 0.763 0.843
0.401 0.374 0.814 0.509
0.190 0.568 0.399 0.623
0.329 0.982 0.668 0.592
0.611 0.344 0.877 0.923
0.767 0.220 0.759 0.480
0.873 0.152 0.431 0.983
0.706 0.267 0.680 0.062
0.997 0.605 0.551 0.938
0.561 0.246 0.452 0.812
0.003 0.912 0.464 0.478
0.680 0.467 0.723 0.678
0.659 0.878 0.803 0.008
0.261 0.190 0.089 0.649
0.473 0.698 0.485 0.741
0.138 0.636 0.983 0.762
0.144 0.829 0.098 0.196
0.336 0.277 0.737 0.416
0.098 0.045 0.448 0.151
0.159 0.810 0.384 0.654
0.602 0.363 0.235 0.865
0.371 0.093 0.864 0.780
0.309 0.730 0.955 0.680
0.977 0.848 0.633 0.187
0.691 0.908 0.034 0.134
0.815 0.058 0.948 0.227
0.490 0.452 0.912 0.782
0.219 0.339 0.539 0.390
0.073 0.793 0.519 0.920
0.018 0.125 0.885 0.422
0.421 0.897 0.823 0.260
0.662 0.785 0.201 0.384
0.921 0.170 0.910 0.875
0.578 0.136 0.003 0.149
0.537 0.251 0.271 0.212
0.052 0.924 0.925 0.582
0.446 0.070 0.771 0.612
0.467 0.185 0.595 0.993
0.832 0.520 0.891 0.729
