itm.itm_c itm.itm_b ycalv.tau_ice ydyn.beta_q
-28700000.000         2.935         0.472         0.552
-25880000.000         2.245         0.834         0.279
-16010000.000         2.488         0.191         0.955
-32090000.000         2.734         0.568         0.319
-14600000.000         3.310         0.542         0.331
-24800000.000         3.796         0.215         0.455
-19610000.000         3.037         0.373         0.251
-32900000.000         1.714         0.108         0.827
-14780000.000         3.511         0.312         0.969
-12500000.000         2.317         0.116         0.976
-10490000.000         1.345         0.573         0.095
-10820000.000         2.329         0.653         0.344
-26570000.000         1.516         0.073         0.043
-28970000.000         3.976         0.290         0.636
-31280000.000         1.324         0.422         0.568
 -7880000.000         3.106         0.165         0.609
-29690000.000         2.224         0.859         0.359
-18080000.000         2.794         0.746         0.020
-20390000.000         1.057         0.680         0.102
-15890000.000         3.922         0.697         0.665
-23690000.000         3.895         0.707         0.036
-22880000.000         1.654         0.493         0.899
 -8390000.000         2.644         0.178         0.175
-26330000.000         2.062         0.972         0.025
-21950000.000         1.078         0.413         0.285
-33320000.000         3.652         0.159         0.160
-22490000.000         1.429         0.401         0.712
-36050000.000         2.446         0.057         0.442
-19070000.000         3.136         0.843         0.795
-34670000.000         2.968         0.326         0.806
-24050000.000         1.615         0.250         0.573
-32720000.000         1.225         0.713         0.232
-35540000.000         2.425         0.128         0.377
-33740000.000         1.876         0.601         0.533
-36170000.000         3.874         0.136         0.943
-16640000.000         3.259         0.364         0.436
-17720000.000         3.577         0.939         0.543
-35360000.000         1.939         0.520         0.401
-30410000.000         3.202         0.590         0.085
-34010000.000         2.746         0.619         0.117
 -9170000.000         2.275         0.228         0.833
-17840000.000         3.004         0.960         0.077
 -8540000.000         1.924         0.505         0.734
-13340000.000         3.238         0.798         0.522
 -9920000.000         1.003         0.355         0.329
-10940000.000         1.108         0.251         0.758
-22670000.000         2.509         0.268         0.292
-30980000.000         2.569         0.041         0.885
-13940000.000         2.167         0.998         0.695
-14300000.000         3.334         0.308         0.856
-29780000.000         1.966         0.783         0.249
-25100000.000         3.055         0.145         0.514
-18770000.000         2.599         0.188         0.301
-15500000.000         2.848         0.066         0.122
-20780000.000         3.838         0.623         0.052
-30650000.000         2.182         0.334         0.707
-29300000.000         2.887         0.350         0.363
-36710000.000         2.659         0.025         0.908
-13130000.000         1.846         0.645         0.204
-27620000.000         3.442         0.015         0.496
-12110000.000         1.252         0.297         0.468
-34400000.000         3.610         0.763         0.843
-19280000.000         2.122         0.814         0.509
-12950000.000         2.704         0.399         0.623
-17120000.000         3.946         0.668         0.592
-25580000.000         2.032         0.877         0.923
-30260000.000         1.660         0.759         0.480
-33440000.000         1.456         0.431         0.983
-28430000.000         1.801         0.680         0.062
-37160000.000         2.815         0.551         0.938
-24080000.000         1.738         0.452         0.812
 -7340000.000         3.736         0.464         0.478
-27650000.000         2.401         0.723         0.678
-27020000.000         3.634         0.803         0.008
-15080000.000         1.570         0.089         0.649
-21440000.000         3.094         0.485         0.741
-11390000.000         2.908         0.983         0.762
-11570000.000         3.487         0.098         0.196
-17330000.000         1.831         0.737         0.416
-10190000.000         1.135         0.448         0.151
-12020000.000         3.430         0.384         0.654
-25310000.000         2.089         0.235         0.865
-18380000.000         1.279         0.864         0.780
-16520000.000         3.190         0.955         0.680
-36560000.000         3.544         0.633         0.187
-27980000.000         3.724         0.034         0.134
-31700000.000         1.174         0.948         0.227
-21950000.000         2.356         0.912         0.782
-13820000.000         2.017         0.539         0.390
 -9440000.000         3.379         0.519         0.920
 -7790000.000         1.375         0.885         0.422
-19880000.000         3.691         0.823         0.260
-27110000.000         3.355         0.201         0.384
-34880000.000         1.510         0.910         0.875
-24590000.000         1.408         0.003         0.149
-23360000.000         1.753         0.271         0.212
 -8810000.000         3.772         0.925         0.582
-20630000.000         1.210         0.771         0.612
-21260000.000         1.555         0.595         0.993
-32210000.000         2.560         0.891         0.729
