0.158 0.333 0.208 0.426 0.055
0.489 0.312 0.150 0.811 0.332
0.904 0.280 0.927 0.999 0.033
0.762 0.872 0.931 0.876 0.495
0.871 0.886 0.506 0.976 0.870
0.503 0.420 0.226 0.047 0.462
0.477 0.666 0.594 0.325 0.454
0.273 0.486 0.547 0.133 0.593
0.096 0.533 0.488 0.744 0.829
0.252 0.680 0.566 0.113 0.384
0.306 0.070 0.720 0.928 0.083
0.680 0.851 0.861 0.613 0.937
0.599 0.231 0.029 0.263 0.917
0.234 0.805 0.740 0.406 0.560
0.655 0.452 0.256 0.791 0.642
0.647 0.168 0.664 0.103 0.778
0.280 0.175 0.623 0.398 0.115
0.394 0.222 0.953 0.128 0.818
0.950 0.652 0.870 0.416 0.143
0.435 0.519 0.916 0.037 0.853
0.753 0.935 0.688 0.698 0.024
0.563 0.758 0.122 0.918 0.944
0.263 0.765 0.160 0.091 0.401
0.109 0.444 0.413 0.827 0.789
0.202 0.919 0.018 0.021 0.956
0.833 0.207 0.556 0.165 0.541
0.855 0.253 0.677 0.752 0.610
0.366 0.567 0.108 0.495 0.581
0.847 0.244 0.215 0.846 0.514
0.541 0.709 0.314 0.527 0.310
0.581 0.714 0.737 0.654 0.720
0.248 0.861 0.341 0.947 0.963
0.672 0.410 0.357 0.299 0.558
0.336 0.090 0.803 0.564 0.892
0.939 0.143 0.989 0.011 0.173
0.883 0.051 0.770 0.061 0.152
0.403 0.970 0.615 0.334 0.365
0.177 0.979 0.884 0.732 0.110
0.126 0.646 0.405 0.317 0.734
0.441 0.151 0.843 0.070 0.760
0.169 0.474 0.796 0.574 0.225
0.787 0.609 0.753 0.368 0.265
0.976 0.637 0.579 0.084 0.436
0.529 0.348 0.134 0.625 0.304
0.773 0.493 0.368 0.237 0.717
0.711 0.282 0.177 0.513 0.693
0.008 0.544 0.476 0.901 0.358
0.633 0.729 0.196 0.490 0.807
0.020 0.792 0.432 0.862 0.971
0.071 0.583 0.977 0.466 0.535
0.900 0.779 0.118 0.685 1.000
0.824 0.126 0.832 0.225 0.289
0.608 0.066 0.713 0.179 0.927
0.116 0.983 0.651 0.247 0.373
0.036 0.505 1.000 0.554 0.006
0.532 0.901 0.514 0.609 0.042
0.314 0.192 0.941 0.254 0.424
0.805 0.468 0.286 0.506 0.654
0.469 0.035 0.337 0.701 0.189
0.020 0.840 0.073 0.782 0.067
0.559 0.267 0.273 0.888 0.605
0.613 0.091 0.642 0.051 0.214
0.045 0.958 0.424 0.778 0.880
0.911 0.023 0.853 0.662 0.486
0.997 0.993 0.261 0.341 0.792
0.969 0.525 0.092 0.194 0.838
0.088 0.380 0.188 0.962 0.210
0.920 0.628 0.007 0.387 0.194
0.622 0.946 0.442 0.278 0.278
0.812 0.107 0.085 0.148 0.299
0.358 0.681 0.497 0.801 0.745
0.377 0.308 0.149 0.984 0.665
0.954 0.438 0.326 0.284 0.571
0.519 0.328 0.639 0.545 0.986
0.707 0.351 0.968 0.591 0.678
0.192 0.137 0.467 0.436 0.620
0.069 0.372 0.603 0.200 0.342
0.571 0.735 0.782 0.183 0.701
0.386 0.821 0.054 0.831 0.850
0.692 0.744 0.456 0.850 0.501
0.227 0.782 0.035 0.301 0.327
0.722 0.210 0.699 0.582 0.445
0.499 0.557 0.524 0.374 0.634
0.862 0.404 0.813 0.932 0.160
0.428 0.892 0.828 0.718 0.077
0.324 0.001 0.898 0.352 0.521
0.983 0.837 0.582 0.891 0.250
0.295 0.924 0.374 0.649 0.399
0.183 0.393 0.394 0.471 0.017
0.052 0.291 0.067 0.761 0.683
0.410 0.613 0.539 0.671 0.233
0.341 0.598 0.701 0.952 0.255
0.134 0.112 0.384 0.210 0.905
0.219 0.180 0.299 0.454 0.759
0.797 0.810 0.904 0.003 0.410
0.666 0.694 0.043 0.729 0.473
0.460 0.573 0.779 0.640 0.121
0.144 0.014 0.243 0.152 0.096
0.742 0.365 0.308 0.531 0.140
0.733 0.049 0.231 0.447 0.880
