itm.itm_c itm.itm_b
-32.360   3.361
-34.040   1.975
-34.280   1.486
-19.160   2.641
-26.560   1.510
-19.320   2.746
-15.000   3.253
-25.440   1.537
-39.680   1.078
-47.560   3.406
-27.360   2.686
-42.520   3.991
-24.640   1.570
-21.600   2.212
-11.280   2.596
-27.720   3.505
-29.560   1.279
-21.840   1.987
-41.240   2.323
-33.360   3.793
-45.920   3.880
-23.800   2.302
-38.560   2.308
-40.960   3.925
-41.120   2.284
-32.600   3.832
-19.280   1.480
-40.080   2.743
-17.360   2.095
-40.280   3.559
-31.600   2.488
-16.480   2.113
-41.320   1.465
-10.840   2.176
-42.880   1.885
-17.520   3.895
-11.080   3.391
-15.360   3.736
-22.840   1.855
-38.960   3.181
-27.960   1.297
-24.680   3.280
-36.640   2.998
-13.240   3.907
-30.800   2.683
-49.960   3.682
-40.160   1.132
-49.040   1.213
-44.960   3.286
-27.240   2.377
-11.960   2.488
-29.280   1.618
-45.000   2.437
-39.200   3.592
-25.800   1.561
-23.720   2.344
-15.400   2.932
-18.160   3.052
-25.360   1.810
-29.920   2.092
-35.160   1.141
-17.160   3.742
-42.000   1.696
-18.080   1.069
-41.400   3.016
-49.440   1.912
-36.560   1.612
-18.920   1.024
-15.760   1.624
-10.840   2.656
-42.480   2.320
-38.480   2.917
-13.760   1.708
-33.600   2.371
-29.720   2.200
-28.560   2.056
-29.800   3.667
-36.360   3.898
-25.640   1.822
-14.200   3.823
-34.440   2.479
-29.200   1.807
-42.280   2.494
-10.520   2.671
-39.320   1.180
-29.200   2.014
-39.080   2.431
-12.720   1.501
-48.000   1.576
-44.320   3.397
-42.440   1.549
-23.400   3.334
-48.000   1.945
-47.240   3.214
-30.920   2.896
-18.200   1.246
-45.440   2.701
-23.240   2.461
-24.360   3.460
-18.680   3.196
-49.320   2.443
-39.360   1.729
-31.800   1.201
-45.960   1.606
-37.840   3.661
-26.040   1.243
-17.200   2.617
-22.760   2.164
-11.200   1.009
-14.760   3.307
-38.160   2.305
-10.400   1.780
-19.800   3.565
-15.520   1.624
-29.640   2.182
-21.280   2.974
-31.240   1.966
-27.880   3.850
-39.200   2.023
-32.080   2.125
-35.840   2.419
-48.840   2.416
-37.400   2.440
-18.200   3.745
-11.880   3.658
-37.120   1.630
-17.440   2.689
-35.480   2.611
-28.480   1.969
-31.520   3.946
-13.400   3.883
-18.760   3.169
-39.160   2.095
-20.680   1.417
-30.200   3.481
-27.640   3.004
-37.680   2.359
-31.960   3.892
-33.840   2.626
-44.840   2.098
-42.360   1.174
-16.240   1.597
-18.400   3.241
-48.480   3.673
-13.880   3.931
-47.720   1.633
-40.400   2.677
-39.320   1.759
-48.320   2.983
-37.160   2.578
-36.920   1.036
-43.400   1.441
-40.640   2.545
-14.600   1.630
-42.680   2.995
-15.680   1.648
-28.760   1.666
-13.840   2.341
-49.880   3.079
-21.920   2.332
-23.800   1.621
-48.640   1.876
-10.240   2.356
-45.720   2.632
-35.920   3.064
-21.360   2.812
-34.280   1.897
-11.160   2.221
-49.080   2.410
-10.760   2.539
-19.960   1.999
-25.240   3.268
-42.040   3.361
-23.640   2.869
-45.200   2.977
-44.920   1.717
-32.960   2.002
-20.920   1.225
-22.560   2.575
-33.520   3.706
-31.600   2.836
-19.880   1.675
-48.920   1.525
-41.600   1.021
-42.120   3.646
-44.440   2.266
-32.240   1.594
-44.600   1.075
-36.160   1.579
-13.080   3.166
-10.400   2.500
-30.960   1.954
-10.640   1.552
-36.240   1.873
-31.160   2.350
-20.400   3.430
-19.800   3.754
-17.760   3.493
-35.040   3.391
-27.680   2.296
-41.160   3.028
-24.600   3.631
-42.160   3.919
-14.320   2.593
-25.720   1.708
-43.920   2.764
-43.160   2.869
-16.040   1.210
-43.720   2.854
-41.680   1.864
-42.760   2.143
-29.920   1.099
-22.240   3.478
-33.160   2.107
-48.080   3.631
-37.680   1.237
-46.040   2.317
-18.080   2.044
-14.680   1.069
-20.560   1.870
-28.880   1.525
-30.000   2.005
-21.880   2.170
-20.440   3.406
-32.560   2.260
-47.360   2.218
-10.240   3.796
-31.280   3.490
-11.640   1.522
-22.040   3.352
-35.240   2.290
-44.720   3.646
-27.080   1.792
-29.360   1.291
-48.880   3.577
-30.400   3.613
-26.200   1.147
-15.920   1.987
-19.440   1.159
-31.120   3.139
-13.120   1.516
-44.240   2.326
-15.560   2.116
-18.840   1.285
-26.960   2.512
-47.080   3.058
-22.920   2.794
-11.480   3.667
-17.120   1.828
-13.240   2.020
-11.000   3.124
-27.360   2.200
-33.800   3.679
-23.160   3.562
-44.120   2.965
-48.560   1.408
-43.000   1.759
-29.760   1.975
-28.360   1.336
-24.720   2.518
-43.320   3.928
-30.000   2.365
-35.520   1.258
-23.920   1.471
-37.280   1.339
-46.280   3.022
-41.840   3.847
-33.240   1.390
-29.040   1.405
-38.680   2.740
-10.600   3.154
-41.040   1.642
-19.040   2.860
-23.960   3.676
-17.360   2.989
-47.000   2.086
-37.000   1.672
-45.680   3.598
-34.120   1.459
-35.760   2.035
-15.800   1.921
-42.760   3.232
-16.960   2.947
-28.760   3.085
-48.080   3.814
-32.040   2.266
-27.400   1.882
-28.280   3.868
-13.680   3.160
-31.480   3.940
-21.000   2.191
-18.320   3.289
-26.120   2.983
-32.960   2.248
-21.160   3.907
-22.440   1.330
-42.560   3.280
-19.560   2.533
-36.720   3.526
-22.280   1.345
-36.240   3.550
-32.680   2.632
-43.320   2.236
-34.160   1.738
-11.320   1.756
-24.520   3.439
-38.240   2.014
-40.280   3.568
-20.520   2.335
-46.680   1.591
-45.600   3.712
-33.680   3.829
-18.560   2.518
-43.000   3.484
-39.960   1.471
-32.120   2.464
-49.120   2.038
-37.400   2.557
-31.400   1.489
-24.080   2.341
-11.000   1.669
-34.000   3.778
-26.760   3.997
-15.040   2.710
-43.160   3.637
-21.680   1.600
-26.160   3.874
-13.360   2.002
-12.040   3.457
-25.200   3.352
-19.720   2.314
-36.440   2.350
-28.280   1.381
-29.440   3.601
-10.480   3.442
-12.480   1.531
-46.640   3.064
-41.960   2.677
-12.440   1.864
-38.040   1.363
-33.720   2.926
-23.040   1.540
-13.440   2.482
-36.640   3.784
-20.080   3.778
-22.160   1.702
-46.840   3.316
-22.800   3.079
-28.600   1.807
-22.480   3.973
-14.520   3.133
-16.560   1.108
-46.920   2.893
-44.480   1.399
-17.960   3.703
-40.200   2.554
-31.440   2.227
-22.640   1.024
-13.560   3.544
-41.520   1.066
-42.520   3.805
-23.720   3.100
-38.280   1.660
-14.040   1.180
-48.160   1.768
-17.040   1.183
-23.080   3.226
-25.840   3.244
-14.080   1.195
-15.480   1.270
-11.360   1.054
-10.000   1.723
-13.640   1.849
-46.920   2.539
-49.640   2.029
-32.120   3.052
-40.800   1.162
-22.360   3.940
-39.840   3.463
-27.120   1.567
-24.680   1.225
-44.200   1.735
-27.480   3.367
-28.720   2.512
-30.120   2.077
-38.120   2.791
-35.720   2.917
-13.960   3.232
-49.120   2.437
-25.280   1.423
-23.640   1.249
-49.400   2.389
-12.040   2.758
-16.520   2.638
-32.760   3.616
-14.880   1.330
-21.480   3.535
-40.600   1.276
-37.520   2.881
-49.440   1.798
-37.960   1.441
-35.840   2.245
-36.800   1.897
-15.680   1.642
-49.480   2.671
-17.880   3.469
-25.120   3.979
-21.680   2.137
-23.480   1.969
-48.760   1.813
-34.400   3.004
-16.680   3.100
-46.000   2.944
-37.440   2.938
-39.240   1.930
-11.560   3.553
-41.600   2.161
-26.480   2.017
-19.240   3.781
-12.920   1.690
-40.360   1.738
-33.960   3.583
-39.760   1.981
-44.680   1.720
-26.000   1.867
-27.000   2.812
-43.680   2.566
-21.120   2.533
-33.080   3.559
-43.280   2.170
-25.400   1.765
-41.880   3.862
-43.600   3.196
-33.360   3.010
-27.320   3.685
-21.760   2.626
-34.840   2.947
-43.760   2.452
-23.200   2.908
-23.840   3.439
-38.440   1.030
-18.040   3.934
-45.680   2.179
-42.880   3.652
-18.280   1.114
-21.200   1.750
-47.680   2.695
-35.120   3.763
-37.120   2.386
-48.240   3.682
-40.520   2.233
-10.320   3.109
-28.000   1.171
-46.680   2.683
-25.680   3.853
-32.520   1.195
-19.680   2.194
-35.000   3.967
-36.720   2.800
-47.440   1.960
-21.040   1.570
-23.440   2.695
-11.560   3.313
-37.600   1.909
-41.320   1.903
-21.480   2.107
-43.520   1.381
-32.400   1.366
-44.520   3.958
-12.400   2.875
-27.560   1.234
-30.280   1.657
-32.880   1.150
-48.960   3.859
-44.600   3.961
-22.000   1.711
-47.040   3.337
-37.920   3.454
-33.920   2.278
-48.800   3.040
-33.600   2.653
-16.640   2.359
-33.080   2.665
-47.800   1.504
-16.760   3.139
-29.480   2.269
-48.480   3.421
-30.240   1.312
-47.280   1.414
-37.320   3.163
-25.040   3.574
-25.280   2.077
-49.240   2.128
-39.040   1.465
-21.320   3.649
-37.480   1.360
-46.480   1.495
-49.280   2.818
-14.400   2.596
-12.320   1.609
-44.000   2.272
-32.240   3.952
-20.600   2.956
-26.840   2.254
-45.600   1.120
-12.240   3.760
-46.760   2.584
-35.320   3.094
-45.560   3.073
-20.080   2.032
-19.440   1.093
-29.080   1.060
-15.880   2.710
-46.520   2.746
-20.520   2.134
-36.200   2.731
-27.480   1.831
-48.160   2.992
-48.400   3.619
-24.280   2.374
-16.400   2.089
-14.480   3.463
-42.080   1.186
-19.200   2.806
-46.440   1.096
-20.840   3.130
-20.960   3.310
-35.320   3.523
-12.680   2.803
-35.440   3.166
-12.560   3.379
-35.760   3.175
-13.160   1.114
-47.360   3.535
-18.320   3.961
-42.040   2.773
-33.240   3.973
-12.280   2.473
-26.680   3.256
-35.120   1.480
-49.720   2.887
-14.920   3.841
-16.800   1.840
-10.680   2.068
-20.760   2.851
-31.920   1.321
-10.280   3.625
-48.240   1.087
-24.520   1.045
-36.080   2.554
-30.720   1.822
-41.040   1.303
-41.240   3.268
-42.640   1.939
-30.600   2.059
-22.960   2.641
-40.640   2.227
-31.120   2.335
-16.720   3.724
-14.880   2.725
-49.320   3.208
-16.280   3.769
-30.720   1.453
-21.560   2.998
-44.360   1.375
-33.480   1.300
-35.640   1.963
-14.280   2.497
-24.000   3.508
-14.800   2.302
-23.960   1.474
-45.400   3.370
-42.920   2.938
-46.560   1.366
-33.440   3.802
-18.640   2.785
-30.920   1.663
-38.840   2.419
-11.480   3.751
-24.840   3.421
-31.040   2.503
-45.280   2.050
-15.200   1.930
-45.920   2.905
-38.800   1.414
-19.680   2.923
-32.320   2.734
-39.880   1.444
-40.920   2.644
-17.680   3.550
-41.360   2.140
-37.600   1.543
-43.080   3.517
-19.880   2.155
-40.440   1.795
-45.160   2.188
-32.680   2.431
-13.600   3.433
-19.000   1.258
-43.240   2.608
-10.080   2.950
-49.920   2.071
-45.200   3.913
-13.120   1.267
-23.360   2.254
-18.480   2.455
-39.480   2.551
-11.080   3.838
-37.080   3.343
-11.960   1.894
-36.320   2.032
-28.200   2.209
-12.600   3.952
-25.920   3.877
-27.280   3.532
-26.880   1.006
-16.160   2.614
-15.440   2.620
-25.040   3.019
-27.040   1.288
-35.400   1.939
-24.160   1.462
-15.320   2.848
-11.160   1.555
-49.640   1.429
-19.160   1.681
-20.320   1.924
-39.520   3.013
-47.920   1.819
-40.960   2.065
-14.160   3.184
-27.200   3.202
-23.480   2.956
-22.200   3.772
-46.320   1.858
-19.080   3.187
-43.440   1.786
-29.360   2.698
-17.000   2.494
-24.440   2.719
-19.640   2.260
-11.880   2.794
-22.640   3.691
-28.400   1.015
-34.840   1.651
-20.000   2.725
-43.800   1.885
-18.920   2.242
-31.280   1.309
-30.680   1.078
-14.720   1.351
-26.520   3.040
-44.320   2.293
-32.320   3.385
-16.880   2.833
-41.080   3.775
-31.000   3.946
-25.440   2.404
-30.840   1.138
-24.920   1.354
-38.960   3.127
-40.040   2.839
-12.840   3.094
-10.520   2.767
-44.800   2.128
-34.240   1.369
-34.320   3.451
-30.080   1.546
-46.280   1.084
-21.400   3.151
-17.320   3.862
-16.280   2.773
-25.000   2.104
-34.600   3.226
-37.880   1.339
-46.200   3.874
-24.360   2.575
-23.040   2.398
-11.760   2.929
-15.920   3.067
-38.760   3.217
-15.120   1.240
-29.440   3.472
-13.320   1.699
-26.480   3.346
-31.560   1.132
-26.400   3.319
-30.640   1.915
-21.800   2.479
-15.160   3.364
-40.720   2.863
-32.200   2.080
-36.080   3.790
-33.000   1.990
-43.880   3.919
-46.800   3.634
-21.240   3.115
-40.120   1.651
-31.720   3.607
-37.280   3.277
-10.800   3.298
-49.600   1.162
-29.240   1.048
-42.320   3.613
-15.520   3.043
-45.360   3.397
-24.760   1.579
-22.000   1.219
-15.800   1.846
-18.480   2.527
-21.200   2.758
-39.040   2.446
-38.440   3.691
-42.280   3.031
-48.320   1.057
-31.680   3.505
-26.840   2.884
-25.560   1.015
-13.440   2.818
-23.240   2.392
-13.720   2.704
-42.800   2.980
-17.680   1.516
-45.800   1.033
-22.800   1.915
-15.960   2.467
-25.760   3.913
-14.200   1.924
-49.160   2.530
-40.800   2.782
-47.000   2.926
-39.560   3.814
-34.600   1.201
-46.080   2.563
-12.400   3.334
-45.360   2.911
-22.520   2.722
-37.040   1.786
-20.240   3.385
-44.040   3.481
-44.760   2.296
-36.800   2.782
-45.120   2.146
-36.000   1.051
-36.560   2.611
-47.160   3.325
-40.560   1.600
-14.840   2.152
-22.440   2.476
-17.920   3.718
-24.120   2.509
-33.880   2.452
-18.640   1.771
-23.560   3.586
-12.080   3.046
-14.440   2.584
-38.840   3.985
-36.360   1.945
-25.160   3.328
-21.920   3.403
-12.840   2.236
-34.880   1.666
-11.680   2.176
-27.960   2.752
-28.680   1.846
-47.560   3.838
-39.680   2.572
-30.480   2.599
-22.400   1.684
-44.240   3.238
-20.160   3.583
-33.320   2.203
-37.240   1.537
-12.200   3.994
-35.200   2.047
-18.800   1.393
-27.840   1.120
-39.880   3.976
-33.520   1.357
-28.800   3.544
-14.360   2.113
-12.960   2.245
-48.920   1.099
-13.040   3.622
-18.560   3.811
-36.000   1.303
-18.800   3.343
-30.160   3.427
-45.040   3.499
-46.160   3.511
-24.240   2.860
-28.920   1.126
-10.200   3.088
-42.680   1.684
-12.640   2.428
-48.600   2.755
-41.480   3.640
-29.160   1.582
-34.800   3.286
-40.320   3.103
-17.400   1.309
-43.560   2.845
-39.640   3.211
-39.760   1.210
-40.720   3.292
-39.960   3.148
-36.840   3.250
-28.160   2.545
-34.520   1.774
-10.960   1.564
-45.520   3.985
-10.040   1.315
-38.200   3.541
-12.680   3.142
-41.560   3.178
-46.360   1.390
-32.840   3.655
-24.840   2.158
-11.440   2.284
-48.560   3.118
-23.560   2.965
-16.360   2.059
-47.640   2.899
-24.920   1.501
-28.520   1.039
-38.400   2.413
-27.520   1.207
-20.160   1.495
-27.800   2.323
-20.680   3.832
-22.960   1.777
-48.400   3.259
-11.360   1.255
-45.240   1.060
-20.400   2.845
-22.120   2.365
-12.760   2.215
-15.120   2.068
-20.000   2.962
-25.480   3.730
-38.320   3.250
-30.080   1.168
-35.640   3.412
-34.720   2.827
-41.800   1.285
-44.000   3.418
-13.520   1.264
-47.720   1.000
-45.800   1.423
-34.720   3.319
-41.840   2.647
-31.680   1.135
-34.520   1.261
-29.840   3.037
-26.320   3.763
-32.560   3.805
-16.800   1.102
-16.080   1.123
-22.160   2.971
-33.720   3.022
-34.920   1.606
-36.400   1.150
-30.400   2.011
-19.400   2.893
-28.880   2.914
-29.760   3.697
-47.960   1.636
-32.880   2.119
-36.880   2.401
-26.080   1.039
-44.880   1.777
-27.760   2.149
-38.720   3.175
-26.360   1.108
-47.160   1.744
-20.760   3.376
-22.720   1.996
-40.160   2.716
-49.840   3.865
-26.640   1.891
-32.760   1.156
-16.080   1.321
-43.640   3.448
-17.880   3.274
-11.800   3.124
-14.560   1.750
-28.120   1.801
-35.920   1.399
-35.480   2.587
-11.640   1.984
-24.240   3.823
-14.400   1.243
-30.760   1.372
-44.760   3.967
-30.360   1.483
-27.880   3.925
-17.040   3.898
-15.280   3.595
-26.800   2.650
-41.680   3.355
-45.840   1.837
-25.960   3.739
-17.520   1.840
-19.480   1.189
-31.880   2.206
-26.600   2.191
-34.360   2.839
-43.400   2.662
-11.720   3.472
-49.680   3.493
-38.640   3.373
-12.200   3.157
-30.560   2.602
-39.400   3.727
-41.720   3.700
-17.200   3.223
-17.560   3.496
-47.840   1.324
-31.920   1.693
-23.280   1.903
-34.120   1.717
-49.920   1.726
-16.360   3.220
-20.280   3.298
-46.840   1.453
-25.640   1.696
-24.120   3.745
-26.280   3.517
-17.760   3.589
-31.800   3.028
-18.440   2.881
-43.080   3.523
-44.160   1.384
-38.560   2.467
-17.800   3.820
-28.640   2.398
-13.960   2.779
-25.560   2.662
-47.760   2.821
-12.960   1.438
-10.120   3.718
-15.640   3.304
-30.480   1.528
-34.640   2.878
-38.080   3.571
-43.680   3.889
-17.600   3.415
-39.560   3.202
-37.840   1.447
-32.480   2.803
-38.920   1.219
-10.560   3.901
-29.040   3.796
-26.320   2.524
-13.680   2.371
-12.160   2.770
-35.560   3.244
-35.000   2.827
-26.080   3.994
-20.240   3.730
-19.080   1.429
-21.080   2.560
-33.120   1.948
-29.680   3.061
-14.120   2.380
-31.360   2.278
-37.760   1.831
-13.880   1.345
-42.200   1.084
-46.520   1.228
-37.760   1.957
-28.120   1.510
-38.120   2.389
-16.880   1.744
-20.840   3.331
-40.840   3.190
-17.240   1.861
-19.520   1.165
-10.920   3.433
-29.000   3.751
-46.240   2.422
-36.520   2.164
-24.480   1.006
-43.880   3.088
-21.600   2.050
-28.040   1.588
-26.960   1.936
-47.440   3.604
-29.600   3.712
-14.960   3.694
-49.560   1.798
-33.880   3.118
-47.200   2.734
-44.440   3.106
-28.320   1.279
-48.720   1.435
-49.760   3.076
-47.480   3.856
-16.560   3.262
-16.160   1.405
